$ 1 0.00009999999999999999 0.575460267600573 27 5 43 5e-11
R 848 432 880 432 0 2 62500 2.5 2.5 0 0.2
r 64 224 64 288 0 0.05
209 352 384 352 480 0 0.00272 2.2159198728637937 1 1
g 640 496 640 512 0 0
r 640 288 640 416 0 1000
g 592 432 592 512 0 0
w 592 368 592 400 0
f 640 416 592 416 32 1.5 11.9
r 352 352 464 352 0 1.88
g 352 480 352 512 0 0
R 64 176 64 128 0 0 40 20 0 0 0.5
t 688 432 640 432 0 1 0.5697699889011563 0.623105727094295 100 default
w 352 288 592 288 0
r 688 432 768 432 0 1000
w 640 448 640 496 0
r 768 432 768 288 0 10000
R 768 288 768 240 0 0 40 5 0 0 0.5
w 352 288 352 352 0
S 512 368 464 368 0 1 false 0 2
r 464 384 352 384 0 3.08
w 352 352 352 384 0
s 768 432 848 432 0 1 false
34 fwdrop\q0.6 1 0.000039999999999999996 0 2.2907202898726005 40 1
d 592 368 592 288 2 fwdrop\q0.6
w 592 288 640 288 0
l 512 368 592 368 0 5.000000000000001e-7 1.933484483629399e-7 0
x 775 454 835 457 4 12 apply\sPWM
x 831 395 929 398 4 12 inverted\sduty\scycle
x 362 327 458 330 4 12 20°C\s/\s1.88\sohms
x 357 408 460 411 4 12 180°C\s/\s3.08\sohms
x 530 387 578 390 4 12 heat\sbed
x 525 401 585 404 4 12 inductance
w 352 288 272 288 0
f 144 352 144 288 41 2 15
c 64 288 64 352 0 0.000009999999999999999 6.629540306048124 19
w 64 352 144 352 0
r 144 352 144 416 0 200000
g 144 416 144 512 0 0
w 64 288 128 288 0
w 64 288 16 288 0
r 16 432 16 288 0 10000
s 16 496 16 432 0 0 false
g 16 496 16 512 0 0
s 64 224 64 176 0 1 false
w 160 288 272 288 0
x 78 204 129 207 4 12 power\son
x -91 363 -9 366 4 12 cap\sdischarger
x 273 174 513 177 4 12 to\ssimulate\sPWM,\sset\sthe\stime\sstep\sto\s500ns
x 273 188 840 191 4 12 to\ssimulate\spower\son/off,\sset\sthe\stime\sstep\sto\s10us\sand\sreset\sthe\ssimulation\sto\sstart\swith\sdischarged\scaps
x 273 202 637 205 4 12 to\ssimulate\scapacitor\sdischarging,\sturn\spower\soff\sand\sdischarger\son
x 274 237 512 240 4 12 inrush\scurrent\slimiter\skicks\sin\safter\sca.\s18ms
o 1 1 0 20737 5 0.00009765625 0 2 1 3 input\scurrent
o 33 4 0 4354 20 0.1 1 2 33 3 inrush\slimiter\scap\svoltage
o 2 8 0 x83113 0.15663581440820204 0.0035296766841454996 2 2 5 0 2 3 0.000049999999999999996 0 power\scap\svoltage
o 32 1 7 4352 5 0.1 3 1 0.0000762939453125 inrush\slimiter\sPMOS\spower
o 7 1 7 4355 5 0.1 4 1 0.0000762939453125 main\sNMOS\spower
o 6 1 0 4099 10 0.00009765625 5 2 6 3 drain\svoltage\sand\scurrent
